meanvalue = 0.27691056783243906
stdev     = 0.1370894947876997
minvalue  = -0.06004782219372995
maxvalue  = 1.691429031868677
confidence interval 95%     = 0.27343243759437946, 0.28038869807049865
confidence interval 99.999% = 0.26907235290309767, 0.28474878276178045
