meanvalue = 0.0584340153771794
stdev     = 0.060283472606411884
minvalue  = -0.0012708290439018
maxvalue  = 1.10605197332182
confidence interval 95%     = 0.05809805035805557, 0.058769980396303226
confidence interval 99.999% = 0.05767689420908248, 0.059191136545276316
