meanvalue = 0.419320771418982
stdev     = 0.13075404381712372
minvalue  = 0.0
maxvalue  = 0.78455146887047
confidence interval 95%     = 0.41311241837867446, 0.42552912445928953
confidence interval 99.999% = 0.40532980438886035, 0.43331173844910365
