meanvalue = 0.10758757395503991
stdev     = 0.1879883297614759
minvalue  = -0.04686203881469997
maxvalue  = 1.057389355253406
confidence interval 95%     = 0.10591812387254468, 0.10925702403753515
confidence interval 99.999% = 0.10382534894770244, 0.11134979896237739
