meanvalue = 0.33869591237094987
stdev     = 0.16678031832695892
minvalue  = -0.09479720371854994
maxvalue  = 1.5964189566179199
confidence interval 95%     = 0.33445202650465566, 0.3429397982372441
confidence interval 99.999% = 0.3291320124365512, 0.3482598123053485
