meanvalue = 0.06437955780551353
stdev     = 0.06874015492168561
minvalue  = -0.0012738433538884006
maxvalue  = 1.1860785368269
confidence interval 95%     = 0.06388323047180741, 0.06487588513921966
confidence interval 99.999% = 0.06326104870705437, 0.0654980669039727
