meanvalue = 0.5147707866189997
stdev     = 0.1846436928718162
minvalue  = -0.0075287500776000105
maxvalue  = 1.180725411731131
confidence interval 95%     = 0.5040895974973626, 0.5254519757406367
confidence interval 99.999% = 0.4906999639913105, 0.5388416092466888
