meanvalue = 0.3124284542860305
stdev     = 0.27773154439555336
minvalue  = -0.18768297434836997
maxvalue  = 1.68932781858389
confidence interval 95%     = 0.30540380292632396, 0.31945310564573703
confidence interval 99.999% = 0.29659790068612046, 0.32825900788594053
