meanvalue = 0.28829134799797645
stdev     = 0.3211366231083246
minvalue  = -0.04393847185194
maxvalue  = 1.9984837767076855
confidence interval 95%     = 0.28606598473588146, 0.29051671126007145
confidence interval 99.999% = 0.2832763329323267, 0.29330636306362623
