meanvalue = 0.1462868660238918
stdev     = 0.29688202917642265
minvalue  = -0.6562490106660699
maxvalue  = 1.4223134268692261
confidence interval 95%     = 0.14250701249879322, 0.15006671954899037
confidence interval 99.999% = 0.13776869611554465, 0.15480503593223893
