meanvalue = 0.29301729544465155
stdev     = 0.19081178022926396
minvalue  = -0.0019100706124999256
maxvalue  = 2.891839556368047
confidence interval 95%     = 0.28883751507580546, 0.29719707581349764
confidence interval 99.999% = 0.28359786182771624, 0.30243672906158686
