meanvalue = 0.20965812981641868
stdev     = 0.1779493642731523
minvalue  = -0.2702977024833
maxvalue  = 1.4427374001400999
confidence interval 95%     = 0.20836458249834916, 0.2109516771344882
confidence interval 99.999% = 0.206743028538912, 0.21257323109392537
