meanvalue = 0.4079764034488705
stdev     = 0.1811906550113279
minvalue  = -0.19943973598635
maxvalue  = 1.78893742142016
confidence interval 95%     = 0.39961510742027617, 0.4163376994774648
confidence interval 99.999% = 0.3891336256130026, 0.4268191812847384
