meanvalue = 1.0476841058204496
stdev     = 0.5010730620548339
minvalue  = -0.48486632699169996
maxvalue  = 2.249068472653674
confidence interval 95%     = 1.0343181364026042, 1.061050075238295
confidence interval 99.999% = 1.0175629390252334, 1.0778052726156657
