meanvalue = 0.32036549054595603
stdev     = 0.2745861616980538
minvalue  = -0.1636038066294998
maxvalue  = 2.2516261454678665
confidence interval 95%     = 0.313863803809296, 0.32686717728261605
confidence interval 99.999% = 0.30571347507869717, 0.3350175060132149
