meanvalue = 0.16339073540742857
stdev     = 0.22243186860072733
minvalue  = -0.039631736904000014
maxvalue  = 1.6500900275456374
confidence interval 95%     = 0.16200311619002825, 0.1647783546248289
confidence interval 99.999% = 0.16026363638535854, 0.1665178344294986
