meanvalue = 0.4416088917211752
stdev     = 0.196726869672679
minvalue  = -0.17619801877832997
maxvalue  = 1.1468329649425189
confidence interval 95%     = 0.4365362874377276, 0.44668149600462276
confidence interval 99.999% = 0.43017741563954864, 0.4530403678028017
