meanvalue = 0.3172740965627635
stdev     = 0.2554372777893956
minvalue  = -0.41931648443020997
maxvalue  = 1.3742769768625096
confidence interval 95%     = 0.3150053329664474, 0.3195428601590796
confidence interval 99.999% = 0.3121612757439226, 0.3223869173816044
