meanvalue = 0.146051736770823
stdev     = 0.21927039876219456
minvalue  = -0.3940142037812999
maxvalue  = 1.56677672517359
confidence interval 95%     = 0.14468382621259088, 0.14741964732905513
confidence interval 99.999% = 0.14296905261994988, 0.14913442092169613
